2019/02/25-16:15:44.540613 4efc RocksDB version: 5.14.2
2019/02/25-16:15:44.540745 4efc Git sha rocksdb_build_git_sha:@5089e121166c46956a8a21c8ef967f1896c239de@
2019/02/25-16:15:44.540782 4efc Compile date Jul  6 2018
2019/02/25-16:15:44.540809 4efc DB SUMMARY
2019/02/25-16:15:44.540967 4efc SST files in C:\Users\Administrator\eclipse-workspace\magicweb\we\crawl\crawldb dir, Total Num: 0, files: 
2019/02/25-16:15:44.540988 4efc Write Ahead Log file in C:\Users\Administrator\eclipse-workspace\magicweb\we\crawl\crawldb: 
2019/02/25-16:15:44.541002 4efc                         Options.error_if_exists: 0
2019/02/25-16:15:44.541021 4efc                       Options.create_if_missing: 1
2019/02/25-16:15:44.541034 4efc                         Options.paranoid_checks: 1
2019/02/25-16:15:44.541573 4efc                                     Options.env: 000002138120E2C0
2019/02/25-16:15:44.541590 4efc                                Options.info_log: 00000213821077D0
2019/02/25-16:15:44.541597 4efc                Options.max_file_opening_threads: 16
2019/02/25-16:15:44.541603 4efc                              Options.statistics: 0000000000000000
2019/02/25-16:15:44.541608 4efc                               Options.use_fsync: 0
2019/02/25-16:15:44.541614 4efc                       Options.max_log_file_size: 0
2019/02/25-16:15:44.541624 4efc                  Options.max_manifest_file_size: 18446744073709551615
2019/02/25-16:15:44.541630 4efc                   Options.log_file_time_to_roll: 0
2019/02/25-16:15:44.541636 4efc                       Options.keep_log_file_num: 1000
2019/02/25-16:15:44.541641 4efc                    Options.recycle_log_file_num: 0
2019/02/25-16:15:44.541647 4efc                         Options.allow_fallocate: 1
2019/02/25-16:15:44.541652 4efc                        Options.allow_mmap_reads: 0
2019/02/25-16:15:44.541658 4efc                       Options.allow_mmap_writes: 0
2019/02/25-16:15:44.541663 4efc                        Options.use_direct_reads: 0
2019/02/25-16:15:44.541669 4efc                        Options.use_direct_io_for_flush_and_compaction: 0
2019/02/25-16:15:44.541675 4efc          Options.create_missing_column_families: 0
2019/02/25-16:15:44.541680 4efc                              Options.db_log_dir: 
2019/02/25-16:15:44.541686 4efc                                 Options.wal_dir: C:\Users\Administrator\eclipse-workspace\magicweb\we\crawl\crawldb
2019/02/25-16:15:44.541692 4efc                Options.table_cache_numshardbits: 6
2019/02/25-16:15:44.541697 4efc                      Options.max_subcompactions: 1
2019/02/25-16:15:44.541703 4efc                  Options.max_background_flushes: -1
2019/02/25-16:15:44.541708 4efc                         Options.WAL_ttl_seconds: 0
2019/02/25-16:15:44.541714 4efc                       Options.WAL_size_limit_MB: 0
2019/02/25-16:15:44.541721 4efc             Options.manifest_preallocation_size: 4194304
2019/02/25-16:15:44.541726 4efc                     Options.is_fd_close_on_exec: 1
2019/02/25-16:15:44.541732 4efc                   Options.advise_random_on_open: 1
2019/02/25-16:15:44.541737 4efc                    Options.db_write_buffer_size: 0
2019/02/25-16:15:44.541743 4efc                    Options.write_buffer_manager: 0000021382185F90
2019/02/25-16:15:44.541749 4efc         Options.access_hint_on_compaction_start: 1
2019/02/25-16:15:44.541754 4efc  Options.new_table_reader_for_compaction_inputs: 0
2019/02/25-16:15:44.541760 4efc           Options.random_access_max_buffer_size: 1048576
2019/02/25-16:15:44.541765 4efc                      Options.use_adaptive_mutex: 0
2019/02/25-16:15:44.541771 4efc                            Options.rate_limiter: 0000000000000000
2019/02/25-16:15:44.541776 4efc     Options.sst_file_manager.rate_bytes_per_sec: 0
2019/02/25-16:15:44.541782 4efc                       Options.wal_recovery_mode: 2
2019/02/25-16:15:44.541787 4efc                  Options.enable_thread_tracking: 0
2019/02/25-16:15:44.541792 4efc                  Options.enable_pipelined_write: 0
2019/02/25-16:15:44.541798 4efc         Options.allow_concurrent_memtable_write: 1
2019/02/25-16:15:44.541836 4efc      Options.enable_write_thread_adaptive_yield: 1
2019/02/25-16:15:44.541844 4efc             Options.write_thread_max_yield_usec: 100
2019/02/25-16:15:44.541849 4efc            Options.write_thread_slow_yield_usec: 3
2019/02/25-16:15:44.541855 4efc                               Options.row_cache: None
2019/02/25-16:15:44.541860 4efc                              Options.wal_filter: None
2019/02/25-16:15:44.541866 4efc             Options.avoid_flush_during_recovery: 0
2019/02/25-16:15:44.541872 4efc             Options.allow_ingest_behind: 0
2019/02/25-16:15:44.541877 4efc             Options.preserve_deletes: 0
2019/02/25-16:15:44.541883 4efc             Options.two_write_queues: 0
2019/02/25-16:15:44.541888 4efc             Options.manual_wal_flush: 0
2019/02/25-16:15:44.541893 4efc             Options.max_background_jobs: 2
2019/02/25-16:15:44.541899 4efc             Options.max_background_compactions: -1
2019/02/25-16:15:44.541904 4efc             Options.avoid_flush_during_shutdown: 0
2019/02/25-16:15:44.541910 4efc           Options.writable_file_max_buffer_size: 1048576
2019/02/25-16:15:44.541915 4efc             Options.delayed_write_rate : 16777216
2019/02/25-16:15:44.541921 4efc             Options.max_total_wal_size: 0
2019/02/25-16:15:44.541926 4efc             Options.delete_obsolete_files_period_micros: 21600000000
2019/02/25-16:15:44.541932 4efc                   Options.stats_dump_period_sec: 600
2019/02/25-16:15:44.541937 4efc                          Options.max_open_files: -1
2019/02/25-16:15:44.541943 4efc                          Options.bytes_per_sync: 0
2019/02/25-16:15:44.541949 4efc                      Options.wal_bytes_per_sync: 0
2019/02/25-16:15:44.541954 4efc       Options.compaction_readahead_size: 0
2019/02/25-16:15:44.541960 4efc Compression algorithms supported:
2019/02/25-16:15:44.541976 4efc 	kZSTD supported: 0
2019/02/25-16:15:44.541981 4efc 	kSnappyCompression supported: 0
2019/02/25-16:15:44.541987 4efc 	kBZip2Compression supported: 0
2019/02/25-16:15:44.541992 4efc 	kZlibCompression supported: 0
2019/02/25-16:15:44.541997 4efc 	kLZ4Compression supported: 0
2019/02/25-16:15:44.542002 4efc 	kXpressCompression supported: 0
2019/02/25-16:15:44.542008 4efc 	kLZ4HCCompression supported: 0
2019/02/25-16:15:44.542013 4efc 	kZSTDNotFinalCompression supported: 0
2019/02/25-16:15:44.542026 4efc Fast CRC32 supported: Supported on x86
2019/02/25-16:15:44.543495 4efc [c:\users\aretter\code\rocksdb\db\db_impl_open.cc:222] Creating manifest 1 
2019/02/25-16:15:44.568952 4efc [c:\users\aretter\code\rocksdb\db\version_set.cc:3085] Recovering from manifest file: MANIFEST-000001
2019/02/25-16:15:44.569271 4efc [c:\users\aretter\code\rocksdb\db\column_family.cc:475] --------------- Options for column family [default]:
2019/02/25-16:15:44.569296 4efc               Options.comparator: leveldb.BytewiseComparator
2019/02/25-16:15:44.569303 4efc           Options.merge_operator: None
2019/02/25-16:15:44.569309 4efc        Options.compaction_filter: None
2019/02/25-16:15:44.569315 4efc        Options.compaction_filter_factory: None
2019/02/25-16:15:44.569320 4efc         Options.memtable_factory: SkipListFactory
2019/02/25-16:15:44.569326 4efc            Options.table_factory: BlockBasedTable
2019/02/25-16:15:44.569376 4efc            table_factory options:   flush_block_policy_factory: FlushBlockBySizePolicyFactory (0000021381AB8D00)
  cache_index_and_filter_blocks: 0
  cache_index_and_filter_blocks_with_high_priority: 0
  pin_l0_filter_and_index_blocks_in_cache: 0
  index_type: 0
  hash_index_allow_collision: 1
  checksum: 1
  no_block_cache: 0
  block_cache: 0000021381A5A7F0
  block_cache_name: LRUCache
  block_cache_options:
    capacity : 8388608
    num_shard_bits : 4
    strict_capacity_limit : 0
    high_pri_pool_ratio: 0.000
  block_cache_compressed: 0000000000000000
  persistent_cache: 0000000000000000
  block_size: 4096
  block_size_deviation: 10
  block_restart_interval: 16
  index_block_restart_interval: 1
  metadata_block_size: 4096
  partition_filters: 0
  use_delta_encoding: 1
  filter_policy: nullptr
  whole_key_filtering: 1
  verify_compression: 0
  read_amp_bytes_per_bit: 0
  format_version: 2
  enable_index_compression: 1
  block_align: 0
2019/02/25-16:15:44.569429 4efc        Options.write_buffer_size: 67108864
2019/02/25-16:15:44.569438 4efc  Options.max_write_buffer_number: 2
2019/02/25-16:15:44.569444 4efc          Options.compression: NoCompression
2019/02/25-16:15:44.569450 4efc                  Options.bottommost_compression: Disabled
2019/02/25-16:15:44.569456 4efc       Options.prefix_extractor: nullptr
2019/02/25-16:15:44.569461 4efc   Options.memtable_insert_with_hint_prefix_extractor: nullptr
2019/02/25-16:15:44.569466 4efc             Options.num_levels: 7
2019/02/25-16:15:44.569472 4efc        Options.min_write_buffer_number_to_merge: 1
2019/02/25-16:15:44.569477 4efc     Options.max_write_buffer_number_to_maintain: 0
2019/02/25-16:15:44.569483 4efc            Options.compression_opts.window_bits: -14
2019/02/25-16:15:44.569489 4efc                  Options.compression_opts.level: -1
2019/02/25-16:15:44.569494 4efc               Options.compression_opts.strategy: 0
2019/02/25-16:15:44.569500 4efc         Options.compression_opts.max_dict_bytes: 0
2019/02/25-16:15:44.569506 4efc         Options.compression_opts.zstd_max_train_bytes: 0
2019/02/25-16:15:44.569511 4efc      Options.level0_file_num_compaction_trigger: 4
2019/02/25-16:15:44.569517 4efc          Options.level0_slowdown_writes_trigger: 20
2019/02/25-16:15:44.569522 4efc              Options.level0_stop_writes_trigger: 36
2019/02/25-16:15:44.569528 4efc                   Options.target_file_size_base: 67108864
2019/02/25-16:15:44.569534 4efc             Options.target_file_size_multiplier: 1
2019/02/25-16:15:44.569539 4efc                Options.max_bytes_for_level_base: 268435456
2019/02/25-16:15:44.569545 4efc Options.level_compaction_dynamic_level_bytes: 0
2019/02/25-16:15:44.569551 4efc          Options.max_bytes_for_level_multiplier: 10.000000
2019/02/25-16:15:44.569566 4efc Options.max_bytes_for_level_multiplier_addtl[0]: 1
2019/02/25-16:15:44.569573 4efc Options.max_bytes_for_level_multiplier_addtl[1]: 1
2019/02/25-16:15:44.569579 4efc Options.max_bytes_for_level_multiplier_addtl[2]: 1
2019/02/25-16:15:44.569585 4efc Options.max_bytes_for_level_multiplier_addtl[3]: 1
2019/02/25-16:15:44.569590 4efc Options.max_bytes_for_level_multiplier_addtl[4]: 1
2019/02/25-16:15:44.569596 4efc Options.max_bytes_for_level_multiplier_addtl[5]: 1
2019/02/25-16:15:44.569602 4efc Options.max_bytes_for_level_multiplier_addtl[6]: 1
2019/02/25-16:15:44.569607 4efc       Options.max_sequential_skip_in_iterations: 8
2019/02/25-16:15:44.569613 4efc                    Options.max_compaction_bytes: 1677721600
2019/02/25-16:15:44.569619 4efc                        Options.arena_block_size: 8388608
2019/02/25-16:15:44.569625 4efc   Options.soft_pending_compaction_bytes_limit: 68719476736
2019/02/25-16:15:44.569631 4efc   Options.hard_pending_compaction_bytes_limit: 274877906944
2019/02/25-16:15:44.569637 4efc       Options.rate_limit_delay_max_milliseconds: 100
2019/02/25-16:15:44.569648 4efc                Options.disable_auto_compactions: 0
2019/02/25-16:15:44.569658 4efc                        Options.compaction_style: kCompactionStyleLevel
2019/02/25-16:15:44.569668 4efc                          Options.compaction_pri: kByCompensatedSize
2019/02/25-16:15:44.569675 4efc Options.compaction_options_universal.size_ratio: 1
2019/02/25-16:15:44.569682 4efc Options.compaction_options_universal.min_merge_width: 2
2019/02/25-16:15:44.569688 4efc Options.compaction_options_universal.max_merge_width: 4294967295
2019/02/25-16:15:44.569694 4efc Options.compaction_options_universal.max_size_amplification_percent: 200
2019/02/25-16:15:44.569700 4efc Options.compaction_options_universal.compression_size_percent: -1
2019/02/25-16:15:44.569707 4efc Options.compaction_options_universal.stop_style: kCompactionStopStyleTotalSize
2019/02/25-16:15:44.569712 4efc Options.compaction_options_fifo.max_table_files_size: 1073741824
2019/02/25-16:15:44.569721 4efc Options.compaction_options_fifo.allow_compaction: 0
2019/02/25-16:15:44.569728 4efc Options.compaction_options_fifo.ttl: 0
2019/02/25-16:15:44.569734 4efc                   Options.table_properties_collectors: 
2019/02/25-16:15:44.569740 4efc                   Options.inplace_update_support: 0
2019/02/25-16:15:44.569745 4efc                 Options.inplace_update_num_locks: 10000
2019/02/25-16:15:44.569751 4efc               Options.memtable_prefix_bloom_size_ratio: 0.000000
2019/02/25-16:15:44.569758 4efc   Options.memtable_huge_page_size: 0
2019/02/25-16:15:44.569763 4efc                           Options.bloom_locality: 0
2019/02/25-16:15:44.569769 4efc                    Options.max_successive_merges: 0
2019/02/25-16:15:44.569774 4efc                Options.optimize_filters_for_hits: 0
2019/02/25-16:15:44.569779 4efc                Options.paranoid_file_checks: 0
2019/02/25-16:15:44.569785 4efc                Options.force_consistency_checks: 0
2019/02/25-16:15:44.569791 4efc                Options.report_bg_io_stats: 0
2019/02/25-16:15:44.569796 4efc                               Options.ttl: 0
2019/02/25-16:15:44.570808 4efc [c:\users\aretter\code\rocksdb\db\version_set.cc:3361] Recovered from manifest file:C:\Users\Administrator\eclipse-workspace\magicweb\we\crawl\crawldb/MANIFEST-000001 succeeded,manifest_file_number is 1, next_file_number is 3, last_sequence is 0, log_number is 0,prev_log_number is 0,max_column_family is 0,min_log_number_to_keep is 0
2019/02/25-16:15:44.570837 4efc [c:\users\aretter\code\rocksdb\db\version_set.cc:3369] Column family [default] (ID 0), log number is 0
2019/02/25-16:15:44.585367 4efc [c:\users\aretter\code\rocksdb\db\db_impl_open.cc:1219] DB pointer 00000213821AC090
2019/02/25-16:15:44.623532 4efc [c:\users\aretter\code\rocksdb\db\db_impl.cc:252] Shutdown: canceling all background work
2019/02/25-16:15:44.628525 4efc [c:\users\aretter\code\rocksdb\db\db_impl.cc:398] Shutdown complete
