2019/02/25-16:15:44.638060 4efc RocksDB version: 5.14.2
2019/02/25-16:15:44.638136 4efc Git sha rocksdb_build_git_sha:@5089e121166c46956a8a21c8ef967f1896c239de@
2019/02/25-16:15:44.638161 4efc Compile date Jul  6 2018
2019/02/25-16:15:44.638176 4efc DB SUMMARY
2019/02/25-16:15:44.638437 4efc CURRENT file:  CURRENT
2019/02/25-16:15:44.638462 4efc IDENTITY file:  IDENTITY
2019/02/25-16:15:44.638591 4efc MANIFEST file:  MANIFEST-000001 size: 13 Bytes
2019/02/25-16:15:44.638613 4efc SST files in C:\Users\Administrator\eclipse-workspace\magicweb\we\crawl\crawldb dir, Total Num: 0, files: 
2019/02/25-16:15:44.638628 4efc Write Ahead Log file in C:\Users\Administrator\eclipse-workspace\magicweb\we\crawl\crawldb: 000003.log size: 114 ; 
2019/02/25-16:15:44.638643 4efc                         Options.error_if_exists: 0
2019/02/25-16:15:44.638807 4efc                       Options.create_if_missing: 1
2019/02/25-16:15:44.638817 4efc                         Options.paranoid_checks: 1
2019/02/25-16:15:44.638827 4efc                                     Options.env: 000002138120E2C0
2019/02/25-16:15:44.638833 4efc                                Options.info_log: 0000021382107460
2019/02/25-16:15:44.638839 4efc                Options.max_file_opening_threads: 16
2019/02/25-16:15:44.638844 4efc                              Options.statistics: 0000000000000000
2019/02/25-16:15:44.638850 4efc                               Options.use_fsync: 0
2019/02/25-16:15:44.638856 4efc                       Options.max_log_file_size: 0
2019/02/25-16:15:44.638861 4efc                  Options.max_manifest_file_size: 18446744073709551615
2019/02/25-16:15:44.638867 4efc                   Options.log_file_time_to_roll: 0
2019/02/25-16:15:44.638873 4efc                       Options.keep_log_file_num: 1000
2019/02/25-16:15:44.638879 4efc                    Options.recycle_log_file_num: 0
2019/02/25-16:15:44.638884 4efc                         Options.allow_fallocate: 1
2019/02/25-16:15:44.638890 4efc                        Options.allow_mmap_reads: 0
2019/02/25-16:15:44.638895 4efc                       Options.allow_mmap_writes: 0
2019/02/25-16:15:44.638901 4efc                        Options.use_direct_reads: 0
2019/02/25-16:15:44.638906 4efc                        Options.use_direct_io_for_flush_and_compaction: 0
2019/02/25-16:15:44.638912 4efc          Options.create_missing_column_families: 0
2019/02/25-16:15:44.638917 4efc                              Options.db_log_dir: 
2019/02/25-16:15:44.638923 4efc                                 Options.wal_dir: C:\Users\Administrator\eclipse-workspace\magicweb\we\crawl\crawldb
2019/02/25-16:15:44.638929 4efc                Options.table_cache_numshardbits: 6
2019/02/25-16:15:44.638934 4efc                      Options.max_subcompactions: 1
2019/02/25-16:15:44.638940 4efc                  Options.max_background_flushes: -1
2019/02/25-16:15:44.638946 4efc                         Options.WAL_ttl_seconds: 0
2019/02/25-16:15:44.638951 4efc                       Options.WAL_size_limit_MB: 0
2019/02/25-16:15:44.638957 4efc             Options.manifest_preallocation_size: 4194304
2019/02/25-16:15:44.638963 4efc                     Options.is_fd_close_on_exec: 1
2019/02/25-16:15:44.638968 4efc                   Options.advise_random_on_open: 1
2019/02/25-16:15:44.638974 4efc                    Options.db_write_buffer_size: 0
2019/02/25-16:15:44.638979 4efc                    Options.write_buffer_manager: 00000213821C2810
2019/02/25-16:15:44.638985 4efc         Options.access_hint_on_compaction_start: 1
2019/02/25-16:15:44.638991 4efc  Options.new_table_reader_for_compaction_inputs: 0
2019/02/25-16:15:44.638996 4efc           Options.random_access_max_buffer_size: 1048576
2019/02/25-16:15:44.639002 4efc                      Options.use_adaptive_mutex: 0
2019/02/25-16:15:44.639007 4efc                            Options.rate_limiter: 0000000000000000
2019/02/25-16:15:44.639013 4efc     Options.sst_file_manager.rate_bytes_per_sec: 0
2019/02/25-16:15:44.639019 4efc                       Options.wal_recovery_mode: 2
2019/02/25-16:15:44.639024 4efc                  Options.enable_thread_tracking: 0
2019/02/25-16:15:44.639064 4efc                  Options.enable_pipelined_write: 0
2019/02/25-16:15:44.639073 4efc         Options.allow_concurrent_memtable_write: 1
2019/02/25-16:15:44.639078 4efc      Options.enable_write_thread_adaptive_yield: 1
2019/02/25-16:15:44.639084 4efc             Options.write_thread_max_yield_usec: 100
2019/02/25-16:15:44.639090 4efc            Options.write_thread_slow_yield_usec: 3
2019/02/25-16:15:44.639095 4efc                               Options.row_cache: None
2019/02/25-16:15:44.639101 4efc                              Options.wal_filter: None
2019/02/25-16:15:44.639106 4efc             Options.avoid_flush_during_recovery: 0
2019/02/25-16:15:44.639112 4efc             Options.allow_ingest_behind: 0
2019/02/25-16:15:44.639118 4efc             Options.preserve_deletes: 0
2019/02/25-16:15:44.639123 4efc             Options.two_write_queues: 0
2019/02/25-16:15:44.639128 4efc             Options.manual_wal_flush: 0
2019/02/25-16:15:44.639134 4efc             Options.max_background_jobs: 2
2019/02/25-16:15:44.639139 4efc             Options.max_background_compactions: -1
2019/02/25-16:15:44.639145 4efc             Options.avoid_flush_during_shutdown: 0
2019/02/25-16:15:44.639150 4efc           Options.writable_file_max_buffer_size: 1048576
2019/02/25-16:15:44.639156 4efc             Options.delayed_write_rate : 16777216
2019/02/25-16:15:44.639161 4efc             Options.max_total_wal_size: 0
2019/02/25-16:15:44.639167 4efc             Options.delete_obsolete_files_period_micros: 21600000000
2019/02/25-16:15:44.639173 4efc                   Options.stats_dump_period_sec: 600
2019/02/25-16:15:44.639178 4efc                          Options.max_open_files: -1
2019/02/25-16:15:44.639184 4efc                          Options.bytes_per_sync: 0
2019/02/25-16:15:44.639190 4efc                      Options.wal_bytes_per_sync: 0
2019/02/25-16:15:44.639195 4efc       Options.compaction_readahead_size: 0
2019/02/25-16:15:44.639201 4efc Compression algorithms supported:
2019/02/25-16:15:44.639207 4efc 	kZSTD supported: 0
2019/02/25-16:15:44.639212 4efc 	kSnappyCompression supported: 0
2019/02/25-16:15:44.639218 4efc 	kBZip2Compression supported: 0
2019/02/25-16:15:44.639223 4efc 	kZlibCompression supported: 0
2019/02/25-16:15:44.639229 4efc 	kLZ4Compression supported: 0
2019/02/25-16:15:44.639234 4efc 	kXpressCompression supported: 0
2019/02/25-16:15:44.639239 4efc 	kLZ4HCCompression supported: 0
2019/02/25-16:15:44.639244 4efc 	kZSTDNotFinalCompression supported: 0
2019/02/25-16:15:44.639253 4efc Fast CRC32 supported: Supported on x86
2019/02/25-16:15:44.640823 4efc [c:\users\aretter\code\rocksdb\db\version_set.cc:3085] Recovering from manifest file: MANIFEST-000001
2019/02/25-16:15:44.640998 4efc [c:\users\aretter\code\rocksdb\db\column_family.cc:475] --------------- Options for column family [default]:
2019/02/25-16:15:44.641013 4efc               Options.comparator: leveldb.BytewiseComparator
2019/02/25-16:15:44.641019 4efc           Options.merge_operator: None
2019/02/25-16:15:44.641025 4efc        Options.compaction_filter: None
2019/02/25-16:15:44.641030 4efc        Options.compaction_filter_factory: None
2019/02/25-16:15:44.641036 4efc         Options.memtable_factory: SkipListFactory
2019/02/25-16:15:44.641041 4efc            Options.table_factory: BlockBasedTable
2019/02/25-16:15:44.641081 4efc            table_factory options:   flush_block_policy_factory: FlushBlockBySizePolicyFactory (0000021381AB8C30)
  cache_index_and_filter_blocks: 0
  cache_index_and_filter_blocks_with_high_priority: 0
  pin_l0_filter_and_index_blocks_in_cache: 0
  index_type: 0
  hash_index_allow_collision: 1
  checksum: 1
  no_block_cache: 0
  block_cache: 0000021381A5B8D0
  block_cache_name: LRUCache
  block_cache_options:
    capacity : 8388608
    num_shard_bits : 4
    strict_capacity_limit : 0
    high_pri_pool_ratio: 0.000
  block_cache_compressed: 0000000000000000
  persistent_cache: 0000000000000000
  block_size: 4096
  block_size_deviation: 10
  block_restart_interval: 16
  index_block_restart_interval: 1
  metadata_block_size: 4096
  partition_filters: 0
  use_delta_encoding: 1
  filter_policy: nullptr
  whole_key_filtering: 1
  verify_compression: 0
  read_amp_bytes_per_bit: 0
  format_version: 2
  enable_index_compression: 1
  block_align: 0
2019/02/25-16:15:44.641139 4efc        Options.write_buffer_size: 67108864
2019/02/25-16:15:44.641149 4efc  Options.max_write_buffer_number: 2
2019/02/25-16:15:44.641155 4efc          Options.compression: NoCompression
2019/02/25-16:15:44.641160 4efc                  Options.bottommost_compression: Disabled
2019/02/25-16:15:44.641166 4efc       Options.prefix_extractor: nullptr
2019/02/25-16:15:44.641171 4efc   Options.memtable_insert_with_hint_prefix_extractor: nullptr
2019/02/25-16:15:44.641177 4efc             Options.num_levels: 7
2019/02/25-16:15:44.641183 4efc        Options.min_write_buffer_number_to_merge: 1
2019/02/25-16:15:44.641188 4efc     Options.max_write_buffer_number_to_maintain: 0
2019/02/25-16:15:44.641194 4efc            Options.compression_opts.window_bits: -14
2019/02/25-16:15:44.641199 4efc                  Options.compression_opts.level: -1
2019/02/25-16:15:44.641204 4efc               Options.compression_opts.strategy: 0
2019/02/25-16:15:44.641210 4efc         Options.compression_opts.max_dict_bytes: 0
2019/02/25-16:15:44.641216 4efc         Options.compression_opts.zstd_max_train_bytes: 0
2019/02/25-16:15:44.641221 4efc      Options.level0_file_num_compaction_trigger: 4
2019/02/25-16:15:44.641227 4efc          Options.level0_slowdown_writes_trigger: 20
2019/02/25-16:15:44.641232 4efc              Options.level0_stop_writes_trigger: 36
2019/02/25-16:15:44.641238 4efc                   Options.target_file_size_base: 67108864
2019/02/25-16:15:44.641244 4efc             Options.target_file_size_multiplier: 1
2019/02/25-16:15:44.641249 4efc                Options.max_bytes_for_level_base: 268435456
2019/02/25-16:15:44.641255 4efc Options.level_compaction_dynamic_level_bytes: 0
2019/02/25-16:15:44.641260 4efc          Options.max_bytes_for_level_multiplier: 10.000000
2019/02/25-16:15:44.641268 4efc Options.max_bytes_for_level_multiplier_addtl[0]: 1
2019/02/25-16:15:44.641273 4efc Options.max_bytes_for_level_multiplier_addtl[1]: 1
2019/02/25-16:15:44.641279 4efc Options.max_bytes_for_level_multiplier_addtl[2]: 1
2019/02/25-16:15:44.641285 4efc Options.max_bytes_for_level_multiplier_addtl[3]: 1
2019/02/25-16:15:44.641290 4efc Options.max_bytes_for_level_multiplier_addtl[4]: 1
2019/02/25-16:15:44.641295 4efc Options.max_bytes_for_level_multiplier_addtl[5]: 1
2019/02/25-16:15:44.641301 4efc Options.max_bytes_for_level_multiplier_addtl[6]: 1
2019/02/25-16:15:44.641307 4efc       Options.max_sequential_skip_in_iterations: 8
2019/02/25-16:15:44.641312 4efc                    Options.max_compaction_bytes: 1677721600
2019/02/25-16:15:44.641318 4efc                        Options.arena_block_size: 8388608
2019/02/25-16:15:44.641323 4efc   Options.soft_pending_compaction_bytes_limit: 68719476736
2019/02/25-16:15:44.641339 4efc   Options.hard_pending_compaction_bytes_limit: 274877906944
2019/02/25-16:15:44.641346 4efc       Options.rate_limit_delay_max_milliseconds: 100
2019/02/25-16:15:44.641354 4efc                Options.disable_auto_compactions: 0
2019/02/25-16:15:44.641364 4efc                        Options.compaction_style: kCompactionStyleLevel
2019/02/25-16:15:44.641374 4efc                          Options.compaction_pri: kByCompensatedSize
2019/02/25-16:15:44.641382 4efc Options.compaction_options_universal.size_ratio: 1
2019/02/25-16:15:44.641391 4efc Options.compaction_options_universal.min_merge_width: 2
2019/02/25-16:15:44.641398 4efc Options.compaction_options_universal.max_merge_width: 4294967295
2019/02/25-16:15:44.641404 4efc Options.compaction_options_universal.max_size_amplification_percent: 200
2019/02/25-16:15:44.641410 4efc Options.compaction_options_universal.compression_size_percent: -1
2019/02/25-16:15:44.641417 4efc Options.compaction_options_universal.stop_style: kCompactionStopStyleTotalSize
2019/02/25-16:15:44.641425 4efc Options.compaction_options_fifo.max_table_files_size: 1073741824
2019/02/25-16:15:44.641433 4efc Options.compaction_options_fifo.allow_compaction: 0
2019/02/25-16:15:44.641439 4efc Options.compaction_options_fifo.ttl: 0
2019/02/25-16:15:44.641444 4efc                   Options.table_properties_collectors: 
2019/02/25-16:15:44.641452 4efc                   Options.inplace_update_support: 0
2019/02/25-16:15:44.641458 4efc                 Options.inplace_update_num_locks: 10000
2019/02/25-16:15:44.641464 4efc               Options.memtable_prefix_bloom_size_ratio: 0.000000
2019/02/25-16:15:44.641471 4efc   Options.memtable_huge_page_size: 0
2019/02/25-16:15:44.641476 4efc                           Options.bloom_locality: 0
2019/02/25-16:15:44.641482 4efc                    Options.max_successive_merges: 0
2019/02/25-16:15:44.641487 4efc                Options.optimize_filters_for_hits: 0
2019/02/25-16:15:44.641493 4efc                Options.paranoid_file_checks: 0
2019/02/25-16:15:44.641498 4efc                Options.force_consistency_checks: 0
2019/02/25-16:15:44.641504 4efc                Options.report_bg_io_stats: 0
2019/02/25-16:15:44.641509 4efc                               Options.ttl: 0
2019/02/25-16:15:44.642549 4efc [c:\users\aretter\code\rocksdb\db\version_set.cc:3361] Recovered from manifest file:C:\Users\Administrator\eclipse-workspace\magicweb\we\crawl\crawldb/MANIFEST-000001 succeeded,manifest_file_number is 1, next_file_number is 3, last_sequence is 0, log_number is 0,prev_log_number is 0,max_column_family is 0,min_log_number_to_keep is 0
2019/02/25-16:15:44.642585 4efc [c:\users\aretter\code\rocksdb\db\version_set.cc:3369] Column family [default] (ID 0), log number is 0
2019/02/25-16:15:44.643692 4efc EVENT_LOG_v1 {"time_micros": 1551082544643649, "job": 1, "event": "recovery_started", "log_files": [3]}
2019/02/25-16:15:44.643715 4efc [c:\users\aretter\code\rocksdb\db\db_impl_open.cc:551] Recovering log #3 mode 2
2019/02/25-16:15:44.648303 4efc EVENT_LOG_v1 {"time_micros": 1551082544648260, "cf_name": "default", "job": 1, "event": "table_file_creation", "file_number": 4, "file_size": 1047, "table_properties": {"data_size": 116, "index_size": 27, "filter_size": 0, "raw_key_size": 39, "raw_average_key_size": 39, "raw_value_size": 61, "raw_average_value_size": 61, "num_data_blocks": 1, "num_entries": 1, "filter_policy_name": "", "kDeletedKeys": "0", "kMergeOperands": "0"}}
2019/02/25-16:15:44.648391 4efc [c:\users\aretter\code\rocksdb\db\version_set.cc:2847] Creating manifest 5
2019/02/25-16:15:44.658299 4efc EVENT_LOG_v1 {"time_micros": 1551082544658287, "job": 1, "event": "recovery_finished"}
2019/02/25-16:15:44.672053 4efc [c:\users\aretter\code\rocksdb\db\db_impl_open.cc:1219] DB pointer 000002138211CB30
2019/02/25-16:15:44.764506 4efc [c:\users\aretter\code\rocksdb\db\db_impl.cc:252] Shutdown: canceling all background work
2019/02/25-16:15:44.767379 4efc [c:\users\aretter\code\rocksdb\db\db_impl.cc:398] Shutdown complete
